idx experiment formulaic statistically
20  3.651928  3.697900
21  3.722317  3.809500
22  3.789432  3.862600
23  3.853562  3.951800
24  3.914963  3.962100
25  3.973856  4.040300
26  4.030440  4.079300
27  4.084888  4.125300
28  4.137355  4.200400
29  4.187981  4.220700
30  4.236891  4.290900
31  4.284196  4.331000
32  4.330000  4.374200
33  4.374394  4.398600
34  4.417463  4.443100
35  4.459283  4.465700
36  4.499925  4.532900
37  4.539453  4.598600
38  4.577928  4.640300
39  4.615402  4.640300
40  4.651928  4.739300
41  4.687552  4.713300
42  4.722317  4.764200
43  4.756265  4.797900
44  4.789432  4.836000
45  4.821853  4.853700
46  4.853562  4.873300
47  4.884589  4.931800
48  4.914963  4.940100
49  4.944710  4.982100
50  4.973856  5.026300
51  5.002425  5.015300
52  5.030440  5.057200
53  5.057920  5.107900
54  5.084888  5.113800
55  5.111360  5.158500
56  5.137355  5.156600
57  5.162890  5.207400
58  5.187981  5.200700
59  5.212643  5.217300
60  5.236891  5.274900
61  5.260737  5.309500
62  5.284196  5.306100
63  5.307280  5.348700
64  5.330000  5.313100
65  5.352368  5.374500
66  5.374394  5.387700
67  5.396089  5.439500
68  5.417463  5.429700
69  5.438524  5.449900
70  5.459283  5.494100
71  5.479747  5.494000
72  5.499925  5.544100
73  5.519825  5.521800
74  5.539453  5.568600
75  5.558819  5.585000
76  5.577928  5.616200
77  5.596787  5.620600
78  5.615402  5.637400
79  5.633781  5.660800
80  5.651928  5.686100
81  5.669850  5.714400
82  5.687552  5.687300
83  5.705039  5.733900
84  5.722317  5.739500
85  5.739391  5.734100
86  5.756265  5.766600
87  5.772943  5.790100
88  5.789432  5.814400
89  5.805733  5.823400
90  5.821853  5.847900
91  5.837795  5.843200
92  5.853562  5.900200
93  5.869159  5.922900
94  5.884589  5.893600
95  5.899856  5.912900
96  5.914963  5.927000
97  5.929913  5.939000
98  5.944710  5.935200
99  5.959357  5.974000
100  5.973856  5.979000
101  5.988211  6.003400
102  6.002425  6.033100
103  6.016501  6.016600
104  6.030440  6.064200
105  6.044246  6.065800
106  6.057920  6.089400
107  6.071467  6.086500
108  6.084888  6.097200
109  6.098184  6.085300
110  6.111360  6.158300
111  6.124416  6.126900
112  6.137355  6.161200
113  6.150179  6.160100
114  6.162890  6.213600
115  6.175490  6.209700
116  6.187981  6.200200
117  6.200365  6.220300
118  6.212643  6.260300
119  6.224818  6.247700
120  6.236891  6.256300
121  6.248863  6.269800
122  6.260737  6.290900
123  6.272515  6.276500
124  6.284196  6.304500
125  6.295784  6.281900
126  6.307280  6.328900
127  6.318685  6.335200
128  6.330000  6.351800
129  6.341227  6.356500
130  6.352368  6.366500
131  6.363423  6.337500
132  6.374394  6.384500
133  6.385282  6.408400
134  6.396089  6.395100
135  6.406816  6.400400
136  6.417463  6.435500
137  6.428032  6.446300
138  6.438524  6.424500
139  6.448941  6.456500
140  6.459283  6.454300
141  6.469551  6.477200
142  6.479747  6.484100
143  6.489871  6.480600
144  6.499925  6.495000
145  6.509909  6.508100
146  6.519825  6.522700
147  6.529672  6.571500
148  6.539453  6.562900
149  6.549169  6.569500
150  6.558819  6.591400
151  6.568405  6.595100
152  6.577928  6.611200
153  6.587388  6.598600
154  6.596787  6.634100
155  6.606124  6.606400
156  6.615402  6.623700
157  6.624621  6.637000
158  6.633781  6.665300
159  6.642883  6.673300
160  6.651928  6.697300
161  6.660917  6.693000
162  6.669850  6.689300
163  6.678728  6.678000
164  6.687552  6.706100
165  6.696322  6.684100
166  6.705039  6.720000
167  6.713704  6.729800
168  6.722317  6.698400
169  6.730879  6.763300
170  6.739391  6.722100
171  6.747853  6.748200
172  6.756265  6.766100
173  6.764628  6.758500
174  6.772943  6.793200
175  6.781211  6.822800
176  6.789432  6.809900
177  6.797606  6.809600
178  6.805733  6.804700
179  6.813816  6.837200
180  6.821853  6.833000
181  6.829846  6.828800
182  6.837795  6.845000
183  6.845700  6.861000
184  6.853562  6.868000
185  6.861381  6.895700
186  6.869159  6.853900
187  6.876894  6.889300
188  6.884589  6.910100
189  6.892242  6.923300
190  6.899856  6.887300
191  6.907429  6.940800
192  6.914963  6.935300
193  6.922457  6.946800
194  6.929913  6.943500
195  6.937330  6.915400
196  6.944710  6.990100
197  6.952052  6.952300
198  6.959357  6.973800
199  6.966625  6.982800
